-111 2710 15941
2223 2638 15480
4387 965 14685
5580 -2423 16918
7324 -3643 15781
8148 -3571 15363
7508 -5016 14905
6515 -7555 13133
6122 -6688 16943
5471 -10107 15791
5149 -9177 15071
2924 -11414 16149
481 -10554 15605
14 -10070 15429
-2592 -8047 16576
-4651 -7267 15093
-6731 -6779 15704
-5646 -6282 15617
-5688 -7522 14348
-5770 -6353 14142
-4660 -3131 15689
-6796 -4944 15172
-7799 -3875 15326
-8483 -2272 16452
-7536 202 15442
-7092 4899 17139
-5596 8375 16464
-4399 9280 17892
-2490 10458 20072
-1218 8268 19376
-1273 9264 19137
48 7937 15957
-598 7340 16062
2127 7099 17667
2708 7407 16404
3796 7865 15917
6051 7926 15373
8072 6988 15947
8323 5889 16318
9140 2068 15290
12296 -247 14832
12392 -2476 16185
12169 -5968 15302
10478 -5703 18196
6798 -8063 14792
8106 -9622 15659
6400 -12956 10940
2636 -11539 15215
2627 -17143 14566
669 -14125 14147
-2964 -14253 15477
-4786 -11900 12369
-5633 -10986 14574
-6326 -10219 13869
-6545 -10830 14905
-8308 -8896 14571
-9796 -5990 15715
-10472 -3995 14498
-9173 -1473 15605
-7976 1097 14814
-7430 3222 16579
-6795 3452 15425
-8878 5603 14806
-8145 8146 14961
-4434 8219 17362
-6051 6592 13483
-6515 6660 17579
-3939 8810 10513
-4984 7100 18898
-1340 9009 17878
-1630 8705 14789
2307 8433 14966
3048 6940 16525
7683 7318 15480
8377 9149 13704
9619 2935 18533
10344 10633 14732
10128 2915 17373
4390 3337 19429
10794 -1932 14858
8673 -10611 18779
8697 -2390 15894
8072 -5074 15376
10068 -6480 14214
7357 -10297 14250
5503 -12925 13237
4736 -15117 10086
5639 -7871 16607
-3827 -14966 16101
718 -12940 17269
-2001 -9576 12649
-2870 -9313 15622
-2403 -7259 14781
-5644 -6416 15837
-7804 -5935 15371
-7396 -7240 15146
-8591 -6333 14040
-9432 -8564 15486
-9587 -5796 15684
-10165 -2798 16125
